fx:1406.9037907013947
fy:1416.307616370762