fx:756.8879827649796
fy:763.0489069235484