fx:908.7981577392017
fy:928.2949016943855