fx:337.8267446905262
fy:364.21384039421486