fx:1182.1437893691193
fy:1149.9994707925462