fx:1003.3369586342995
fy:1001.9794082770107