fx:530.524969770432
fy:521.6451518976937