fx:603.2639986286073
fy:592.8762153498678