fx:1285.7479782792723
fy:1560.5065812296352