fx:429.0172335851003
fy:421.1005553272787